[[1.0, 0.0, 0.0, 0.0], [0.0, 1.0, 0.0, 0.0], [0.0, 0.0, 1.0, 0.0], [0.0, 0.0, 0.0, 0.0]]
[[1.0, 0.0, 0.0, 0.0], [0.0, 1.0, 0.0, 0.0], [0.0, 0.0, 1.0, 0.0], [13468.4111328125, 120000.046875, -14886.7109375, 0.0]]
[[1.0, 0.0, 0.0, 0.0], [0.0, 1.0, 0.0, 0.0], [0.0, 0.0, 1.0, 0.0], [0.0, 0.0, 0.0, 0.0]]
[[1.0, 0.0, 0.0, 0.0], [0.0, 1.0, 0.0, 0.0], [0.0, 0.0, 1.0, 0.0], [0.0, 0.0, 0.0, 0.0]]
[[1.0, 0.0, 0.0, 4.203895392974451e-45], [0.0, 1.0, 0.0, -107374176.0], [0.0, 0.0, 1.0, -107374176.0], [4950.0, -231.36001586914062, 5929.080078125, -107374176.0]]
[[1.0, 0.0, 0.0, 4.203895392974451e-45], [0.0, 1.0, 0.0, -107374176.0], [0.0, 0.0, 1.0, -107374176.0], [5808.0, -229.20001220703125, 5131.2001953125, -107374176.0]]
[[1.0, 0.0, 0.0, 0.0], [0.0, 1.0, 0.0, 0.0], [0.0, 0.0, 1.0, 0.0], [4288.18017578125, -229.43360900878906, 5182.46826171875, 0.0]]
[[0.6156615018844604, 0.0, 0.7880107164382935, 4.203895392974451e-45], [0.0, 1.0, 0.0, -107374176.0], [-0.7880107164382935, 0.0, 0.6156615018844604, -107374176.0], [6367.68017578125, -229.20001220703125, 4601.0400390625, -107374176.0]]
[[1.0, 0.0, 0.0, 4.203895392974451e-45], [0.0, 1.0, 0.0, -107374176.0], [0.0, 0.0, 1.0, -107374176.0], [6698.8798828125, -231.1199951171875, 5341.080078125, -107374176.0]]
[[1.0, 0.0, 0.0, 4.203895392974451e-45], [0.0, 1.0, 0.0, -107374176.0], [0.0, 0.0, 1.0, -107374176.0], [4620.0, 396.0, 5640.0, -107374176.0]]
[[1.0, 0.0, 0.0, 0.0], [0.0, 1.0, 0.0, 0.0], [0.0, 0.0, 1.0, 0.0], [4807.52099609375, 291.8798522949219, 5467.41064453125, 0.0]]
[[1.0, 0.0, 0.0, 4.203895392974451e-45], [0.0, 1.0, 0.0, -107374176.0], [0.0, 0.0, 1.0, -107374176.0], [4620.0, 276.0, 5640.0, -107374176.0]]
[[0.0, 0.0, 1.0000005960464478, 0.0], [0.0, 0.9999998807907104, 0.0, 0.0], [-1.000001311302185, 0.0, 0.0, 0.0], [6376.580078125, 451.7220764160156, 5379.44384765625, 0.0]]
[[0.6098682284355164, 0.0, 0.7925028204917908, 4.203895392974451e-45], [0.0, 1.0, 0.0, -107374176.0], [-0.7925028204917908, 0.0, 0.6098682284355164, -107374176.0], [6460.56005859375, 483.239990234375, 4741.43994140625, -107374176.0]]
[[0.0, -1.000001072883606, 0.0, 0.0], [-0.9848086833953857, 0.0, -0.17364835739135742, 0.0], [0.1736486256122589, 0.0, -0.9848098754882812, 0.0], [4654.3662109375, 746.3688354492188, 5512.88134765625, 0.0]]
[[1.0, 0.0, 0.0, 4.203895392974451e-45], [0.0, 1.0, 0.0, -107374176.0], [0.0, 0.0, 1.0, -107374176.0], [4620.0, 516.0, 5640.0, -107374176.0]]
[[0.0, 0.0, -0.9999992251396179, 0.0], [0.0, 0.9999991059303284, 0.0, 0.0], [0.9999995827674866, 0.0, 0.0, 0.0], [5237.19921875, 649.6680908203125, 4852.5400390625, 0.0]]
[[0.0, 0.0, -1.000002384185791, 0.0], [0.0, 0.9999988675117493, 0.0, 0.0], [1.000002384185791, 0.0, 0.0, 0.0], [3703.526123046875, -32.502254486083984, 6327.037109375, 0.0]]
[[1.0, 0.0, 0.0, 0.0], [0.0, 1.0, 0.0, 0.0], [0.0, 0.0, 1.0, 0.0], [4739.02685546875, 435.4225158691406, 5317.8798828125, 0.0]]
[[1.0, 0.0, 0.0, 0.0], [0.0, 1.0, 0.0, 0.0], [0.0, 0.0, 1.0, 0.0], [-50767.14453125, 425.0406188964844, -50514.8125, 0.0]]
[[1.0, 0.0, 0.0, 0.0], [0.0, 1.0, 0.0, 0.0], [0.0, 0.0, 1.0, 0.0], [-12609.9306640625, 1.1706346273422241, 6975.92529296875, 0.0]]
[[1.0, 0.0, 0.0, 0.0], [0.0, 1.0, 0.0, 0.0], [0.0, 0.0, 1.0, 0.0], [-12595.9873046875, 0.6930314302444458, 8819.669921875, 0.0]]
[[1.0, 0.0, 0.0, 0.0], [0.0, 1.0, 0.0, 0.0], [0.0, 0.0, 1.0, 0.0], [-12338.6611328125, 0.9856143593788147, 8200.1630859375, 0.0]]
[[1.0, 0.0, 0.0, 0.0], [0.0, 1.0, 0.0, 0.0], [0.0, 0.0, 1.0, 0.0], [-12692.14453125, 1.0339488983154297, 9650.2314453125, 0.0]]
[[1.0, 0.0, 0.0, 0.0], [0.0, 1.0, 0.0, 0.0], [0.0, 0.0, 1.0, 0.0], [-54526.125, -126.85162353515625, -46007.73046875, 0.0]]
[[1.0, 0.0, 0.0, 0.0], [0.0, 1.0, 0.0, 0.0], [0.0, 0.0, 1.0, 0.0], [-11688.130859375, 1.1571636199951172, 9693.23046875, 0.0]]
[[1.0, 0.0, 0.0, 0.0], [0.0, 1.0, 0.0, 0.0], [0.0, 0.0, 1.0, 0.0], [5098.5087890625, -47.18319320678711, 7317.13916015625, 0.0]]
[[1.0, 0.0, 0.0, 0.0], [0.0, 1.0, 0.0, 0.0], [0.0, 0.0, 1.0, 0.0], [3724.40380859375, 263.4339599609375, 4274.39501953125, 0.0]]
[[1.0, 0.0, 0.0, 0.0], [0.0, 1.0, 0.0, 0.0], [0.0, 0.0, 1.0, 0.0], [4745.40478515625, 606.30224609375, 5184.83544921875, 0.0]]
[[1.0, 0.0, 0.0, 0.0], [0.0, 1.0, 0.0, 0.0], [0.0, 0.0, 1.0, 0.0], [-54261.5234375, -126.8519515991211, -47124.03125, 0.0]]
[[1.0, 0.0, 0.0, 0.0], [0.0, 1.0, 0.0, 0.0], [0.0, 0.0, 1.0, 0.0], [4361.724609375, -42.612548828125, 8535.78515625, 0.0]]
[[-0.9135469198226929, 0.0, -0.4067373275756836, 0.0], [0.0, 0.9999985694885254, 0.0, 0.0], [0.4067373275756836, 0.0, -0.9135469198226929, 0.0], [8559.05078125, -731.31689453125, 22665.205078125, 0.0]]
[[0.7193412184715271, 0.0, -0.6946597099304199, 0.0], [0.0, 0.9999985098838806, 0.0, 0.0], [0.6946597099304199, 0.0, 0.7193412184715271, 0.0], [7161.30224609375, -799.2201538085938, 24077.380859375, 0.0]]
[[-0.9659275412559509, 0.0, 0.25881943106651306, 0.0], [0.0, 0.9999985694885254, 0.0, 0.0], [-0.25881943106651306, 0.0, -0.9659275412559509, 0.0], [8645.1953125, -706.1636352539062, 22528.78125, 0.0]]
[[-0.22495131194591522, 0.0, -0.9743714928627014, 0.0], [0.0, 0.9999982118606567, 0.0, 0.0], [0.9743714928627014, 0.0, -0.22495131194591522, 0.0], [-12144.298828125, 48.00837707519531, 8071.330078125, 0.0]]
[[-0.9135469198226929, 0.0, -0.4067373275756836, 0.0], [0.0, 0.9999985694885254, 0.0, 0.0], [0.4067373275756836, 0.0, -0.9135469198226929, 0.0], [8779.66015625, -692.4932861328125, 22479.904296875, 0.0]]
[[-0.9902698993682861, 0.0, -0.13917338848114014, 0.0], [0.0, 0.9999985098838806, 0.0, 0.0], [0.13917338848114014, 0.0, -0.9902698993682861, 0.0], [8732.4013671875, -742.9326171875, 22810.841796875, 0.0]]
[[0.7193412184715271, 0.0, -0.6946597099304199, 0.0], [0.0, 0.9999985098838806, 0.0, 0.0], [0.6946597099304199, 0.0, 0.7193412184715271, 0.0], [8482.87109375, -745.84814453125, 22797.06640625, 0.0]]
[[-0.5000009536743164, 0.0, -0.8660274744033813, 0.0], [0.0, 0.9999983906745911, 0.0, 0.0], [0.8660274744033813, 0.0, -0.5000009536743164, 0.0], [7265.95703125, -793.911865234375, 24043.947265625, 0.0]]
[[-0.9135469198226929, 0.0, -0.4067373275756836, 0.0], [0.0, 0.9999985694885254, 0.0, 0.0], [0.4067373275756836, 0.0, -0.9135469198226929, 0.0], [5564.25830078125, -32.47251892089844, 7233.44384765625, 0.0]]
[[-0.9945243000984192, 0.0, 0.10452864319086075, 0.0], [0.0, 0.9999988675117493, 0.0, 0.0], [-0.10452864319086075, 0.0, -0.9945243000984192, 0.0], [5475.01123046875, -46.7130241394043, 7253.3515625, 0.0]]
[[-0.9135480523109436, 0.0, 0.40673771500587463, 0.0], [0.0, 0.9999983310699463, 0.0, 0.0], [-0.40673771500587463, 0.0, -0.9135480523109436, 0.0], [5509.73388671875, -47.09343719482422, 7316.998046875, 0.0]]
[[-0.9135469198226929, 0.0, -0.4067373275756836, 0.0], [0.0, 0.9999985694885254, 0.0, 0.0], [0.4067373275756836, 0.0, -0.9135469198226929, 0.0], [-54196.6328125, -61.54218292236328, -46420.234375, 0.0]]
[[0.6691318154335022, 0.0, 0.7431464791297913, 0.0], [0.0, 0.9999983310699463, 0.0, 0.0], [-0.7431464791297913, 0.0, 0.6691318154335022, 0.0], [-54228.30078125, -126.85174560546875, -46348.21875, 0.0]]
[[0.7986370325088501, 0.0, 0.6018162965774536, 0.0], [0.0, 0.9999983310699463, 0.0, 0.0], [-0.6018162965774536, 0.0, 0.7986370325088501, 0.0], [-54152.83984375, -126.85167694091797, -46336.26953125, 0.0]]
[[0.087156280875206, 0.0, -0.9961971044540405, 0.0], [0.0, 0.9999989867210388, 0.0, 0.0], [0.9961971044540405, 0.0, 0.087156280875206, 0.0], [-12670.216796875, 1.0032131671905518, 7180.29638671875, 0.0]]
[[0.087156280875206, 0.0, -0.9961971044540405, 0.0], [0.0, 0.9999989867210388, 0.0, 0.0], [0.9961971044540405, 0.0, 0.087156280875206, 0.0], [-12742.52734375, 0.8923259973526001, 7166.28857421875, 0.0]]
[[-0.06975667178630829, 0.0, -0.9975669980049133, 0.0], [0.0, 0.9999991059303284, 0.0, 0.0], [0.9975669980049133, 0.0, -0.06975667178630829, 0.0], [-12783.8017578125, 0.9038413166999817, 7120.0361328125, 0.0]]
[[-0.06975667178630829, 0.0, -0.9975669980049133, 0.0], [0.0, 0.9999991059303284, 0.0, 0.0], [0.9975669980049133, 0.0, -0.06975667178630829, 0.0], [-12853.5400390625, 0.9061290621757507, 7113.96826171875, 0.0]]
[[0.6427879333496094, 0.0, 0.7660447359085083, 0.0], [0.0, 1.0000001192092896, 0.0, 0.0], [-0.7660452127456665, 0.0, 0.6427884697914124, 0.0], [-51305.1171875, -581.0515747070312, -49008.27734375, 0.0]]
[[0.6427879333496094, 0.0, 0.7660447359085083, 0.0], [0.0, 1.0000001192092896, 0.0, 0.0], [-0.7660452127456665, 0.0, 0.6427884697914124, 0.0], [-51455.0546875, -530.1979370117188, -48236.16796875, 0.0]]
[[1.0, 0.0, 0.0, 0.0], [0.0, 1.0, 0.0, 0.0], [0.0, 0.0, 1.0, 0.0], [4423.4970703125, -264.2892150878906, 19350.1875, 0.0]]
[[1.0, 0.0, 0.0, 0.0], [0.0, 1.0, 0.0, 0.0], [0.0, 0.0, 1.0, 0.0], [4422.41064453125, -310.71905517578125, 21794.333984375, 0.0]]
[[1.0, 0.0, 0.0, 0.0], [0.0, 1.0, 0.0, 0.0], [0.0, 0.0, 1.0, 0.0], [4428.19482421875, -264.2576599121094, 19150.69921875, 0.0]]
[[1.0, 0.0, 0.0, 0.0], [0.0, 1.0, 0.0, 0.0], [0.0, 0.0, 1.0, 0.0], [4426.271484375, -294.17913818359375, 21595.80859375, 0.0]]
[[1.0, 0.0, 0.0, 0.0], [0.0, 1.0, 0.0, 0.0], [0.0, 0.0, 1.0, 0.0], [5169.22998046875, -799.9121704101562, 23897.4375, 0.0]]
[[1.0, 0.0, 0.0, 0.0], [0.0, 1.0, 0.0, 0.0], [0.0, 0.0, 1.0, 0.0], [8823.1611328125, -702.0419311523438, 22539.48828125, 0.0]]
[[1.0, 0.0, 0.0, 0.0], [0.0, 1.0, 0.0, 0.0], [0.0, 0.0, 1.0, 0.0], [6916.12060546875, -721.44677734375, 19360.802734375, 0.0]]
[[1.0, 0.0, 0.0, 0.0], [0.0, 1.0, 0.0, 0.0], [0.0, 0.0, 1.0, 0.0], [5301.68115234375, -598.6185302734375, 20475.4609375, 0.0]]
[[1.0, 0.0, 0.0, 0.0], [0.0, 1.0, 0.0, 0.0], [0.0, 0.0, 1.0, 0.0], [7622.537109375, -343.4612121582031, 20052.8671875, 0.0]]
[[1.0, 0.0, 0.0, 0.0], [0.0, 1.0, 0.0, 0.0], [0.0, 0.0, 1.0, 0.0], [7567.7080078125, -347.2365417480469, 18966.90625, 0.0]]
[[1.0, 0.0, 0.0, 0.0], [0.0, 1.0, 0.0, 0.0], [0.0, 0.0, 1.0, 0.0], [6565.6591796875, -250.42247009277344, 17577.9296875, 0.0]]
[[0.9271878600120544, 0.0, -0.3746081292629242, 0.0], [0.0, 0.9999993443489075, 0.0, 0.0], [0.3746081292629242, 0.0, 0.9271878600120544, 0.0], [5522.61474609375, -288.46978759765625, 18037.552734375, 0.0]]
[[0.9902701377868652, 0.0, -0.13917337357997894, 0.0], [0.0, 0.9999991655349731, 0.0, 0.0], [0.13917337357997894, 0.0, 0.9902701377868652, 0.0], [5314.7333984375, -803.9237060546875, 23931.03125, 0.0]]
[[1.0, 0.0, 0.0, 0.0], [0.0, 1.0, 0.0, 0.0], [0.0, 0.0, 1.0, 0.0], [4459.4970703125, -264.2892150878906, 19386.1875, 0.0]]
[[1.0, 0.0, 0.0, 0.0], [0.0, 1.0, 0.0, 0.0], [0.0, 0.0, 1.0, 0.0], [8809.37109375, -662.9708862304688, 22325.93359375, 0.0]]
[[1.0, 0.0, 0.0, 0.0], [0.0, 1.0, 0.0, 0.0], [0.0, 0.0, 1.0, 0.0], [7101.4912109375, -545.5365600585938, 19372.59375, 0.0]]
[[1.0, 0.0, 0.0, 0.0], [0.0, 1.0, 0.0, 0.0], [0.0, 0.0, 1.0, 0.0], [5307.6943359375, -581.2066650390625, 20368.47265625, 0.0]]
[[1.0, 0.0, 0.0, 0.0], [0.0, 1.0, 0.0, 0.0], [0.0, 0.0, 1.0, 0.0], [6408.3564453125, -531.3497924804688, 22643.271484375, 0.0]]
[[1.0, 0.0, 0.0, 0.0], [0.0, 1.0, 0.0, 0.0], [0.0, 0.0, 1.0, 0.0], [7610.5654296875, -329.731201171875, 20149.853515625, 0.0]]
[[1.0, 0.0, 0.0, 0.0], [0.0, 1.0, 0.0, 0.0], [0.0, 0.0, 1.0, 0.0], [7631.99072265625, -328.4273681640625, 18455.822265625, 0.0]]
[[-0.34202155470848083, 0.0, -0.9396965503692627, 0.0], [0.0, 0.9999991655349731, 0.0, 0.0], [0.9396965503692627, 0.0, -0.34202155470848083, 0.0], [5661.072265625, -281.2192077636719, 18019.306640625, 0.0]]
[[1.0, 0.0, 0.0, 0.0], [0.0, 1.0, 0.0, 0.0], [0.0, 0.0, 1.0, 0.0], [4400.4833984375, -263.880615234375, 19028.03515625, 0.0]]
[[1.0, 0.0, 0.0, 0.0], [0.0, 1.0, 0.0, 0.0], [0.0, 0.0, 1.0, 0.0], [4410.1201171875, -251.3936004638672, 19411.560546875, 0.0]]
[[1.0, 0.0, 0.0, 0.0], [0.0, 1.0, 0.0, 0.0], [0.0, 0.0, 1.0, 0.0], [6390.01220703125, -793.064208984375, 23812.26953125, 0.0]]
[[1.0, 0.0, 0.0, 0.0], [0.0, 1.0, 0.0, 0.0], [0.0, 0.0, 1.0, 0.0], [7623.369140625, -300.0326843261719, 19465.25, 0.0]]
[[1.0, 0.0, 0.0, 0.0], [0.0, 1.0, 0.0, 0.0], [0.0, 0.0, 1.0, 0.0], [5469.7060546875, -539.658935546875, 21636.72265625, 0.0]]
[[1.0, 0.0, 0.0, 0.0], [0.0, 1.0, 0.0, 0.0], [0.0, 0.0, 1.0, 0.0], [8950.080078125, -683.3519897460938, 22458.677734375, 0.0]]
[[1.0, 0.0, 0.0, 0.0], [0.0, 1.0, 0.0, 0.0], [0.0, 0.0, 1.0, 0.0], [7112.826171875, -277.3937683105469, 17232.107421875, 0.0]]
[[1.0, 0.0, 0.0, 0.0], [0.0, 1.0, 0.0, 0.0], [0.0, 0.0, 1.0, 0.0], [4332.47509765625, -325.7003479003906, 21861.451171875, 0.0]]
[[1.0, 0.0, 0.0, 0.0], [0.0, 1.0, 0.0, 0.0], [0.0, 0.0, 1.0, 0.0], [6943.8828125, -723.3228759765625, 19339.796875, 0.0]]
[[1.0, 0.0, 0.0, 0.0], [0.0, 1.0, 0.0, 0.0], [0.0, 0.0, 1.0, 0.0], [-50603.65625, -581.0687866210938, -49388.39453125, 0.0]]
[[1.0, 0.0, 0.0, 0.0], [0.0, 1.0, 0.0, 0.0], [0.0, 0.0, 1.0, 0.0], [-50276.28515625, -581.0731811523438, -50115.00390625, 0.0]]
[[1.0, 0.0, 0.0, 0.0], [0.0, 1.0, 0.0, 0.0], [0.0, 0.0, 1.0, 0.0], [-49942.3828125, -580.9148559570312, -49756.0078125, 0.0]]
[[1.0, 0.0, 0.0, 0.0], [0.0, 1.0, 0.0, 0.0], [0.0, 0.0, 1.0, 0.0], [-50936.33984375, -581.0712280273438, -49556.23046875, 0.0]]
[[1.0, 0.0, 0.0, 0.0], [0.0, 1.0, 0.0, 0.0], [0.0, 0.0, 1.0, 0.0], [-51038.296875, -581.067626953125, -49943.8046875, 0.0]]
[[1.0, 0.0, 0.0, 0.0], [0.0, 1.0, 0.0, 0.0], [0.0, 0.0, 1.0, 0.0], [5806.78955078125, -213.19712829589844, 4924.25732421875, 0.0]]
[[1.0, 0.0, 0.0, 0.0], [0.0, 1.0, 0.0, 0.0], [0.0, 0.0, 1.0, 0.0], [4285.31982421875, -210.79954528808594, 5013.681640625, 0.0]]
[[1.0, 0.0, 0.0, 0.0], [0.0, 1.0, 0.0, 0.0], [0.0, 0.0, 1.0, 0.0], [4597.77099609375, 140.33596801757812, 5649.92529296875, 0.0]]
[[1.0, 0.0, 0.0, 0.0], [0.0, 1.0, 0.0, 0.0], [0.0, 0.0, 1.0, 0.0], [4596.1689453125, 394.44000244140625, 5649.71044921875, 0.0]]
[[1.0, 0.0, 0.0, 0.0], [0.0, 1.0, 0.0, 0.0], [0.0, 0.0, 1.0, 0.0], [4595.48095703125, 62.404293060302734, 5649.55029296875, 0.0]]
[[1.0, 0.0, 0.0, 0.0], [0.0, 1.0, 0.0, 0.0], [0.0, 0.0, 1.0, 0.0], [6624.30908203125, 272.37066650390625, 5351.423828125, 0.0]]
[[1.0, 0.0, 0.0, 0.0], [0.0, 1.0, 0.0, 0.0], [0.0, 0.0, 1.0, 0.0], [6504.140625, -234.8228302001953, 4499.373046875, 0.0]]
[[1.0, 0.0, 0.0, 0.0], [0.0, 1.0, 0.0, 0.0], [0.0, 0.0, 1.0, 0.0], [6090.18017578125, 260.21099853515625, 4831.89794921875, 0.0]]
[[1.0, 0.0, 0.0, 0.0], [0.0, 1.0, 0.0, 0.0], [0.0, 0.0, 1.0, 0.0], [6877.380859375, -200.94395446777344, 5331.865234375, 0.0]]
[[1.0, 0.0, 0.0, 0.0], [0.0, 1.0, 0.0, 0.0], [0.0, 0.0, 1.0, 0.0], [6948.0986328125, -200.94395446777344, 5338.09912109375, 0.0]]
[[1.0, 0.0, 0.0, 0.0], [0.0, 1.0, 0.0, 0.0], [0.0, 0.0, 1.0, 0.0], [7013.44580078125, -200.94395446777344, 5340.70458984375, 0.0]]
[[1.0, 0.0, 0.0, 0.0], [0.0, 1.0, 0.0, 0.0], [0.0, 0.0, 1.0, 0.0], [4597.23388671875, 222.37530517578125, 5650.001953125, 0.0]]
[[1.0, 0.0, 0.0, 0.0], [0.0, 1.0, 0.0, 0.0], [0.0, 0.0, 1.0, 0.0], [4597.6435546875, 309.8037414550781, 5649.9892578125, 0.0]]
[[1.0, 0.0, 0.0, 0.0], [0.0, 1.0, 0.0, 0.0], [0.0, 0.0, 1.0, 0.0], [5642.009765625, 408.26824951171875, 4823.05078125, 0.0]]
[[1.0, 0.0, 0.0, 0.0], [0.0, 1.0, 0.0, 0.0], [0.0, 0.0, 1.0, 0.0], [6572.5986328125, 364.4560241699219, 5354.73388671875, 0.0]]
[[1.0, 0.0, 0.0, 0.0], [0.0, 1.0, 0.0, 0.0], [0.0, 0.0, 1.0, 0.0], [5870.3916015625, 332.4328918457031, 4826.02099609375, 0.0]]
[[1.0, 0.0, 0.0, 0.0], [0.0, 1.0, 0.0, 0.0], [0.0, 0.0, 1.0, 0.0], [6611.83935546875, -43.162174224853516, 6763.2060546875, 0.0]]
[[1.0, 0.0, 0.0, 0.0], [0.0, 1.0, 0.0, 0.0], [0.0, 0.0, 1.0, 0.0], [7948.72802734375, -312.5262451171875, 17843.984375, 0.0]]
[[1.0, 0.0, 0.0, 0.0], [0.0, 1.0, 0.0, 0.0], [0.0, 0.0, 1.0, 0.0], [4920.53759765625, -43.162174224853516, 6781.369140625, 0.0]]
[[1.0, 0.0, 0.0, 0.0], [0.0, 1.0, 0.0, 0.0], [0.0, 0.0, 1.0, 0.0], [8034.001953125, -303.83233642578125, 17651.939453125, 0.0]]
[[1.0, 0.0, 0.0, 0.0], [0.0, 1.0, 0.0, 0.0], [0.0, 0.0, 1.0, 0.0], [-11424.9404296875, 1.1571139097213745, 9337.4658203125, 0.0]]
[[1.0, 0.0, 0.0, 0.0], [0.0, 1.0, 0.0, 0.0], [0.0, 0.0, 1.0, 0.0], [8052.501953125, -292.958984375, 17457.466796875, 0.0]]
[[1.0, 0.0, 0.0, 0.0], [0.0, 1.0, 0.0, 0.0], [0.0, 0.0, 1.0, 0.0], [7978.77294921875, -272.2501525878906, 17271.69921875, 0.0]]
[[1.0, 0.0, 0.0, 0.0], [0.0, 1.0, 0.0, 0.0], [0.0, 0.0, 1.0, 0.0], [7859.14111328125, -256.5772399902344, 17145.916015625, 0.0]]
[[1.0, 0.0, 0.0, 0.0], [0.0, 1.0, 0.0, 0.0], [0.0, 0.0, 1.0, 0.0], [7145.86474609375, -861.9319458007812, 23700.142578125, 0.0]]
[[1.0, 0.0, 0.0, 0.0], [0.0, 1.0, 0.0, 0.0], [0.0, 0.0, 1.0, 0.0], [6928.68505859375, -850.3186645507812, 23683.01171875, 0.0]]
[[1.0, 0.0, 0.0, 0.0], [0.0, 1.0, 0.0, 0.0], [0.0, 0.0, 1.0, 0.0], [7354.5361328125, -869.9790649414062, 23724.6796875, 0.0]]
[[1.0, 0.0, 0.0, 0.0], [0.0, 1.0, 0.0, 0.0], [0.0, 0.0, 1.0, 0.0], [5085.70703125, -571.2368774414062, 20343.84765625, 0.0]]
[[1.0, 0.0, 0.0, 0.0], [0.0, 1.0, 0.0, 0.0], [0.0, 0.0, 1.0, 0.0], [5084.96484375, -571.1887817382812, 20173.693359375, 0.0]]
[[1.0, 0.0, 0.0, 0.0], [0.0, 1.0, 0.0, 0.0], [0.0, 0.0, 1.0, 0.0], [5499.7958984375, -567.7691040039062, 20743.599609375, 0.0]]
[[1.0, 0.0, 0.0, 0.0], [0.0, 1.0, 0.0, 0.0], [0.0, 0.0, 1.0, 0.0], [5499.3642578125, -570.181396484375, 20917.193359375, 0.0]]
[[1.0, 0.0, 0.0, 0.0], [0.0, 1.0, 0.0, 0.0], [0.0, 0.0, 1.0, 0.0], [-11486.869140625, 1.1571139097213745, 9337.978515625, 0.0]]
[[1.0, 0.0, 0.0, 0.0], [0.0, 1.0, 0.0, 0.0], [0.0, 0.0, 1.0, 0.0], [4939.04296875, -14.516264915466309, 5318.68310546875, 0.0]]
[[1.0, 0.0, 0.0, 0.0], [0.0, 1.0, 0.0, 0.0], [0.0, 0.0, 1.0, 0.0], [4975.04296875, -14.516264915466309, 5354.68310546875, 0.0]]
[[1.0, 0.0, 0.0, 0.0], [0.0, 1.0, 0.0, 0.0], [0.0, 0.0, 1.0, 0.0], [5011.04296875, -14.516264915466309, 5390.68310546875, 0.0]]
[[1.0, 0.0, 0.0, 0.0], [0.0, 1.0, 0.0, 0.0], [0.0, 0.0, 1.0, 0.0], [5047.04296875, -14.516264915466309, 5426.68310546875, 0.0]]
[[1.0, 0.0, 0.0, 0.0], [0.0, 1.0, 0.0, 0.0], [0.0, 0.0, 1.0, 0.0], [5083.04296875, -14.516264915466309, 5462.68310546875, 0.0]]
[[-0.12186958640813828, 0.0, 0.9925482273101807, 0.0], [0.0, 0.9999970197677612, 0.0, 0.0], [-0.9925477504730225, 0.0, -0.1218695417046547, 0.0], [-53947.9609375, -126.85166931152344, -46019.44921875, 0.0]]
[[-0.12186958640813828, 0.0, 0.9925482273101807, 0.0], [0.0, 0.9999970197677612, 0.0, 0.0], [-0.9925477504730225, 0.0, -0.1218695417046547, 0.0], [-53923.95703125, -126.851806640625, -46234.67578125, 0.0]]
[[-0.12186958640813828, 0.0, 0.9925482273101807, 0.0], [0.0, 0.9999970197677612, 0.0, 0.0], [-0.9925477504730225, 0.0, -0.1218695417046547, 0.0], [3905.7265625, -36.96686553955078, 6898.48974609375, 0.0]]
[[-0.12186958640813828, 0.0, 0.9925482273101807, 0.0], [0.0, 0.9999970197677612, 0.0, 0.0], [-0.9925477504730225, 0.0, -0.1218695417046547, 0.0], [4015.946533203125, -42.612369537353516, 6905.4130859375, 0.0]]
[[-0.12186958640813828, 0.0, 0.9925482273101807, 0.0], [0.0, 0.9999970197677612, 0.0, 0.0], [-0.9925477504730225, 0.0, -0.1218695417046547, 0.0], [3637.791259765625, -42.61243438720703, 6773.69189453125, 0.0]]
[[-0.12186958640813828, 0.0, 0.9925482273101807, 0.0], [0.0, 0.9999970197677612, 0.0, 0.0], [-0.9925477504730225, 0.0, -0.1218695417046547, 0.0], [3869.775390625, -43.10490798950195, 6220.62255859375, 0.0]]
[[-0.12186958640813828, 0.0, 0.9925482273101807, 0.0], [0.0, 0.9999970197677612, 0.0, 0.0], [-0.9925477504730225, 0.0, -0.1218695417046547, 0.0], [5310.44677734375, 262.9906921386719, 4060.36572265625, 0.0]]
[[-0.12186958640813828, 0.0, 0.9925482273101807, 0.0], [0.0, 0.9999970197677612, 0.0, 0.0], [-0.9925477504730225, 0.0, -0.1218695417046547, 0.0], [5064.525390625, 262.9909973144531, 4062.1005859375, 0.0]]
[[-0.12186958640813828, 0.0, 0.9925482273101807, 0.0], [0.0, 0.9999970197677612, 0.0, 0.0], [-0.9925477504730225, 0.0, -0.1218695417046547, 0.0], [5263.97509765625, 262.99090576171875, 4047.560546875, 0.0]]
[[-0.12186958640813828, 0.0, 0.9925482273101807, 0.0], [0.0, 0.9999970197677612, 0.0, 0.0], [-0.9925477504730225, 0.0, -0.1218695417046547, 0.0], [6899.98828125, 262.56573486328125, 4242.9404296875, 0.0]]
[[-0.12186958640813828, 0.0, 0.9925482273101807, 0.0], [0.0, 0.9999970197677612, 0.0, 0.0], [-0.9925477504730225, 0.0, -0.1218695417046547, 0.0], [6846.18505859375, 262.5612487792969, 4186.30224609375, 0.0]]
[[-0.12186958640813828, 0.0, 0.9925482273101807, 0.0], [0.0, 0.9999970197677612, 0.0, 0.0], [-0.9925477504730225, 0.0, -0.1218695417046547, 0.0], [6847.08056640625, 262.6587829589844, 4874.7373046875, 0.0]]
[[-0.12186958640813828, 0.0, 0.9925482273101807, 0.0], [0.0, 0.9999970197677612, 0.0, 0.0], [-0.9925477504730225, 0.0, -0.1218695417046547, 0.0], [6825.3134765625, 262.6709289550781, 4948.64453125, 0.0]]
[[-0.12186958640813828, 0.0, 0.9925482273101807, 0.0], [0.0, 0.9999970197677612, 0.0, 0.0], [-0.9925477504730225, 0.0, -0.1218695417046547, 0.0], [6357.96484375, 262.9906921386719, 4052.13818359375, 0.0]]
[[-0.12186958640813828, 0.0, 0.9925482273101807, 0.0], [0.0, 0.9999970197677612, 0.0, 0.0], [-0.9925477504730225, 0.0, -0.1218695417046547, 0.0], [6457.57763671875, 262.9909362792969, 4084.54345703125, 0.0]]
[[-0.12186958640813828, 0.0, 0.9925482273101807, 0.0], [0.0, 0.9999970197677612, 0.0, 0.0], [-0.9925477504730225, 0.0, -0.1218695417046547, 0.0], [5918.529296875, 262.99072265625, 4049.076171875, 0.0]]
[[-0.12186958640813828, 0.0, 0.9925482273101807, 0.0], [0.0, 0.9999970197677612, 0.0, 0.0], [-0.9925477504730225, 0.0, -0.1218695417046547, 0.0], [6839.02587890625, 262.5924072265625, 4403.37548828125, 0.0]]
[[-0.12186958640813828, 0.0, 0.9925482273101807, 0.0], [0.0, 0.9999970197677612, 0.0, 0.0], [-0.9925477504730225, 0.0, -0.1218695417046547, 0.0], [3495.181640625, -42.612308502197266, 6576.32568359375, 0.0]]
[[-0.12186958640813828, 0.0, 0.9925482273101807, 0.0], [0.0, 0.9999970197677612, 0.0, 0.0], [-0.9925477504730225, 0.0, -0.1218695417046547, 0.0], [3539.2470703125, -42.61237335205078, 6734.052734375, 0.0]]
[[-0.12186958640813828, 0.0, 0.9925482273101807, 0.0], [0.0, 0.9999970197677612, 0.0, 0.0], [-0.9925477504730225, 0.0, -0.1218695417046547, 0.0], [3524.074462890625, -42.61235427856445, 6689.8896484375, 0.0]]
[[-0.12186958640813828, 0.0, 0.9925482273101807, 0.0], [0.0, 0.9999970197677612, 0.0, 0.0], [-0.9925477504730225, 0.0, -0.1218695417046547, 0.0], [-53939.6484375, -126.85163116455078, -46153.328125, 0.0]]
[[-0.12186958640813828, 0.0, 0.9925482273101807, 0.0], [0.0, 0.9999970197677612, 0.0, 0.0], [-0.9925477504730225, 0.0, -0.1218695417046547, 0.0], [-53931.76171875, -126.85154724121094, -46194.3125, 0.0]]
[[-0.12186958640813828, 0.0, 0.9925482273101807, 0.0], [0.0, 0.9999970197677612, 0.0, 0.0], [-0.9925477504730225, 0.0, -0.1218695417046547, 0.0], [-53916.22265625, -126.85144805908203, -46103.72265625, 0.0]]
[[1.0, 0.0, 0.0, 0.0], [0.0, 1.0, 0.0, 0.0], [0.0, 0.0, 1.0, 0.0], [-51127.84375, -487.4844665527344, -50647.515625, 0.0]]
[[1.0, 0.0, 0.0, 4.203895392974451e-45], [0.0, 1.0, 0.0, -107374176.0], [0.0, 0.0, 1.0, -107374176.0], [5810.0400390625, -250.55999755859375, 4990.56005859375, -107374176.0]]
[[1.0, 0.0, 0.0, 0.0], [0.0, 1.0, 0.0, 0.0], [0.0, 0.0, 1.0, 0.0], [4280.9765625, -251.53009033203125, 5075.8349609375, 0.0]]
[[0.6018161773681641, 0.0, 0.7986366152763367, 0.0], [0.0, 0.9999998807907104, 0.0, 0.0], [-0.798636794090271, 0.0, 0.6018160581588745, 0.0], [6451.32421875, -235.1349334716797, 4534.3076171875, 0.0]]
[[0.0, 0.0, 1.0000017881393433, 0.0], [0.0, 0.9999974370002747, 0.0, 0.0], [-1.0000011920928955, 0.0, 0.0, 0.0], [6806.93310546875, -235.1349334716797, 5341.24169921875, 0.0]]
[[1.0, 0.0, 0.0, 0.0], [0.0, 1.0, 0.0, 0.0], [0.0, 0.0, 1.0, 0.0], [4194.70947265625, -42.50208282470703, 6639.2587890625, 0.0]]
[[1.0, 0.0, 0.0, 0.0], [0.0, 1.0, 0.0, 0.0], [0.0, 0.0, 1.0, 0.0], [4823.07470703125, -43.298702239990234, 6793.52783203125, 0.0]]
[[1.0, 0.0, 0.0, 0.0], [0.0, 1.0, 0.0, 0.0], [0.0, 0.0, 1.0, 0.0], [6527.8056640625, -42.69800567626953, 6760.27685546875, 0.0]]
[[1.0, 0.0, 0.0, 0.0], [0.0, 1.0, 0.0, 0.0], [0.0, 0.0, 1.0, 0.0], [-11598.4189453125, 1.157423734664917, 9341.5869140625, 0.0]]
[[1.0, 0.0, 0.0, 0.0], [0.0, 1.0, 0.0, 0.0], [0.0, 0.0, 1.0, 0.0], [-11592.2333984375, 1.1571290493011475, 9639.7666015625, 0.0]]
[[1.0, 0.0, 0.0, 0.0], [0.0, 1.0, 0.0, 0.0], [0.0, 0.0, 1.0, 0.0], [-50536.24609375, -588.7807006835938, -49950.9453125, 0.0]]
[[1.0, 0.0, 0.0, 0.0], [0.0, 1.0, 0.0, 0.0], [0.0, 0.0, 1.0, 0.0], [-50500.24609375, -588.7807006835938, -49914.9453125, 0.0]]
[[1.0, 0.0, 0.0, 0.0], [0.0, 1.0, 0.0, 0.0], [0.0, 0.0, 1.0, 0.0], [-50464.24609375, -588.7807006835938, -49878.9453125, 0.0]]
[[1.0, 0.0, 0.0, 0.0], [0.0, 1.0, 0.0, 0.0], [0.0, 0.0, 1.0, 0.0], [-50428.24609375, -588.7807006835938, -49842.9453125, 0.0]]
[[1.0, 0.0, 0.0, 0.0], [0.0, 1.0, 0.0, 0.0], [0.0, 0.0, 1.0, 0.0], [-50551.63671875, -576.0640258789062, -49794.76953125, 0.0]]
[[1.0, 0.0, 0.0, 0.0], [0.0, 1.0, 0.0, 0.0], [0.0, 0.0, 1.0, 0.0], [-49797.12109375, -530.2138061523438, -48338.1875, 0.0]]
[[1.0, 0.0, 0.0, 0.0], [0.0, 1.0, 0.0, 0.0], [0.0, 0.0, 1.0, 0.0], [-49850.23828125, -581.0515747070312, -49415.4453125, 0.0]]
[[1.0, 0.0, 0.0, 0.0], [0.0, 1.0, 0.0, 0.0], [0.0, 0.0, 1.0, 0.0], [-49012.7421875, -530.2320556640625, -49983.67578125, 0.0]]
[[1.0, 0.0, 0.0, 0.0], [0.0, 1.0, 0.0, 0.0], [0.0, 0.0, 1.0, 0.0], [-49495.83984375, -581.0517578125, -48996.0703125, 0.0]]
[[1.0, 0.0, 0.0, 0.0], [0.0, 1.0, 0.0, 0.0], [0.0, 0.0, 1.0, 0.0], [-51393.078125, -530.2315673828125, -48618.44140625, 0.0]]
[[1.0, 0.0, 0.0, 0.0], [0.0, 1.0, 0.0, 0.0], [0.0, 0.0, 1.0, 0.0], [-51934.5234375, -530.2318115234375, -50477.23046875, 0.0]]
[[1.0, 0.0, 0.0, 0.0], [0.0, 1.0, 0.0, 0.0], [0.0, 0.0, 1.0, 0.0], [-50048.9375, -581.0625, -49440.97265625, 0.0]]
[[0.034899692982435226, 0.0, 0.9993912577629089, 0.0], [0.0, 0.9999998211860657, 0.0, 0.0], [-0.9993907809257507, 0.0, 0.03489953279495239, 0.0], [-50815.65234375, -530.1491088867188, -48388.859375, 0.0]]
[[0.034899692982435226, 0.0, 0.9993912577629089, 0.0], [0.0, 0.9999998211860657, 0.0, 0.0], [-0.9993907809257507, 0.0, 0.03489953279495239, 0.0], [-50779.65234375, -530.1491088867188, -48352.859375, 0.0]]
[[0.7071080803871155, 0.0, -0.7071077823638916, 0.0], [0.0, 0.999999463558197, 0.0, 0.0], [0.7071077823638916, 0.0, 0.7071080803871155, 0.0], [-50831.0703125, -528.1060791015625, -49788.13671875, 0.0]]
[[-0.9876916408538818, 0.0, 0.15643510222434998, 0.0], [0.0, 1.0000001192092896, 0.0, 0.0], [-0.15643510222434998, 0.0, -0.9876916408538818, 0.0], [-50466.33984375, -528.5585327148438, -50047.58984375, 0.0]]
[[-0.8660284876823425, 0.0, 0.5000017881393433, 0.0], [0.0, 0.9999995231628418, 0.0, 0.0], [-0.5000017881393433, 0.0, -0.8660284876823425, 0.0], [-50500.23046875, -528.1060791015625, -49517.3515625, 0.0]]
[[0.034899692982435226, 0.0, 0.9993912577629089, 0.0], [0.0, 0.9999998211860657, 0.0, 0.0], [-0.9993907809257507, 0.0, 0.03489953279495239, 0.0], [-50743.65234375, -530.1491088867188, -48316.859375, 0.0]]
[[1.0, 0.0, 0.0, 0.0], [0.0, 1.0, 0.0, 0.0], [0.0, 0.0, 1.0, 0.0], [-51196.74609375, -530.2198486328125, -48380.97265625, 0.0]]
[[1.0, 0.0, 0.0, 0.0], [0.0, 1.0, 0.0, 0.0], [0.0, 0.0, 1.0, 0.0], [-50457.5078125, -530.2319946289062, -48521.76953125, 0.0]]
[[1.0, 0.0, 0.0, 0.0], [0.0, 1.0, 0.0, 0.0], [0.0, 0.0, 1.0, 0.0], [-49538.54296875, -581.0519409179688, -48944.9453125, 0.0]]
[[1.0, 0.0, 0.0, 0.0], [0.0, 1.0, 0.0, 0.0], [0.0, 0.0, 1.0, 0.0], [-51912.671875, -530.2317504882812, -49994.53515625, 0.0]]
[[1.0, 0.0, 0.0, 0.0], [0.0, 1.0, 0.0, 0.0], [0.0, 0.0, 1.0, 0.0], [-49445.4375, -580.9786376953125, -49048.6953125, 0.0]]
[[1.0, 0.0, 0.0, 0.0], [0.0, 1.0, 0.0, 0.0], [0.0, 0.0, 1.0, 0.0], [4595.8427734375, -244.5102996826172, 6059.43896484375, 0.0]]
[[1.0, 0.0, 0.0, 0.0], [0.0, 1.0, 0.0, 0.0], [0.0, 0.0, 1.0, 0.0], [4597.1484375, -244.51034545898438, 5649.95068359375, 0.0]]
[[1.0, 0.0, 0.0, 0.0], [0.0, 1.0, 0.0, 0.0], [0.0, 0.0, 1.0, 0.0], [4434.30224609375, -264.76806640625, 18858.583984375, 0.0]]
[[0.9271882772445679, 0.0, 0.3746088445186615, 0.0], [0.0, 0.9999973177909851, 0.0, 0.0], [-0.3746088445186615, 0.0, 0.9271882772445679, 0.0], [-12208.23828125, 1.1433136463165283, 9391.5751953125, 0.0]]
[[1.0, 0.0, 0.0, 0.0], [0.0, 1.0, 0.0, 0.0], [0.0, 0.0, 1.0, 0.0], [-51898.5234375, -530.2318115234375, -50441.23046875, 0.0]]
[[0.7547100186347961, 0.0, -0.6560590863227844, 0.0], [0.0, 0.9999996423721313, 0.0, 0.0], [0.6560590863227844, 0.0, 0.7547100186347961, 0.0], [-12367.4951171875, 0.8597837686538696, 8270.1748046875, 0.0]]
[[1.0, 0.0, 0.0, 0.0], [0.0, 1.0, 0.0, 0.0], [0.0, 0.0, 1.0, 0.0], [-12313.353515625, 32.13301086425781, 8497.9921875, 0.0]]
[[1.0, 0.0, 0.0, 0.0], [0.0, 1.0, 0.0, 0.0], [0.0, 0.0, 1.0, 0.0], [-12365.5068359375, 32.2489128112793, 8493.15234375, 0.0]]
[[1.0, 0.0, 0.0, 0.0], [0.0, 1.0, 0.0, 0.0], [0.0, 0.0, 1.0, 0.0], [-12261.1025390625, 32.36909103393555, 8497.9501953125, 0.0]]
[[0.05233614146709442, 0.0, -0.998630166053772, 0.0], [0.0, 0.9999997615814209, 0.0, 0.0], [0.998630166053772, 0.0, 0.05233614146709442, 0.0], [-12254.6708984375, 0.8712311387062073, 8350.7646484375, 0.0]]
[[1.0, 0.0, 0.0, 0.0], [0.0, 1.0, 0.0, 0.0], [0.0, 0.0, 1.0, 0.0], [-12310.0703125, 0.9622940421104431, 8496.4443359375, 0.0]]
[[1.0, 0.0, 0.0, 0.0], [0.0, 1.0, 0.0, 0.0], [0.0, 0.0, 1.0, 0.0], [-12261.8623046875, 0.9575231671333313, 8497.603515625, 0.0]]
[[1.0, 0.0, 0.0, 0.0], [0.0, 1.0, 0.0, 0.0], [0.0, 0.0, 1.0, 0.0], [-12355.6669921875, 0.966763436794281, 8495.1748046875, 0.0]]
[[1.0, 0.0, 0.0, 0.0], [0.0, 1.0, 0.0, 0.0], [0.0, 0.0, 1.0, 0.0], [-54211.9609375, -126.85171508789062, -46437.64453125, 0.0]]
[[1.0, 0.0, 0.0, 0.0], [0.0, 1.0, 0.0, 0.0], [0.0, 0.0, 1.0, 0.0], [-54155.45703125, -126.85198211669922, -46436.9765625, 0.0]]
[[0.9961947798728943, 0.0, -0.08715574443340302, 0.0], [0.0, 0.9999999403953552, 0.0, 0.0], [0.08715574443340302, 0.0, 0.9961947798728943, 0.0], [-54309.8125, -126.85169982910156, -46446.15625, 0.0]]
[[1.0, 0.0, 0.0, 0.0], [0.0, 1.0, 0.0, 0.0], [0.0, 0.0, 1.0, 0.0], [-54115.89453125, -95.71139526367188, -46443.78515625, 0.0]]
[[1.0, 0.0, 0.0, 0.0], [0.0, 1.0, 0.0, 0.0], [0.0, 0.0, 1.0, 0.0], [-54195.28125, -92.69568634033203, -46434.96484375, 0.0]]
[[1.0, 0.0, 0.0, 0.0], [0.0, 1.0, 0.0, 0.0], [0.0, 0.0, 1.0, 0.0], [-54091.64453125, -126.85191345214844, -46437.0859375, 0.0]]
[[0.7547098994255066, 0.0, 0.6560590863227844, 0.0], [0.0, 1.0, 0.0, 0.0], [-0.6560590863227844, 0.0, 0.7547098994255066, 0.0], [-54263.56640625, -126.85189819335938, -46393.84375, 0.0]]
[[0.9135458469390869, 0.0, 0.40673691034317017, 0.0], [0.0, 0.9999996423721313, 0.0, 0.0], [-0.40673691034317017, 0.0, 0.9135458469390869, 0.0], [-54031.29296875, -126.85195922851562, -46431.11328125, 0.0]]
[[0.29237160086631775, 0.0, -0.9563050270080566, 0.0], [0.0, 0.9999993443489075, 0.0, 0.0], [0.9563050270080566, 0.0, 0.29237160086631775, 0.0], [4300.2333984375, -43.324275970458984, 8514.8203125, 0.0]]
[[1.0, 0.0, 0.0, 0.0], [0.0, 1.0, 0.0, 0.0], [0.0, 0.0, 1.0, 0.0], [4451.07421875, -104.39144897460938, 20130.46875, 0.0]]
[[1.0, 0.0, 0.0, 0.0], [0.0, 1.0, 0.0, 0.0], [0.0, 0.0, 1.0, 0.0], [4504.150390625, -103.2673110961914, 20134.00390625, 0.0]]
[[1.0, 0.0, 0.0, 0.0], [0.0, 1.0, 0.0, 0.0], [0.0, 0.0, 1.0, 0.0], [4481.32763671875, -104.89288330078125, 20106.81640625, 0.0]]
[[1.0, 0.0, 0.0, 0.0], [0.0, 1.0, 0.0, 0.0], [0.0, 0.0, 1.0, 0.0], [4542.26708984375, -69.904296875, 20113.40234375, 0.0]]
[[0.9510567784309387, 0.0, 0.3090170919895172, 0.0], [0.0, 0.9999998211860657, 0.0, 0.0], [-0.3090170919895172, 0.0, 0.9510567784309387, 0.0], [4495.986328125, -72.11341857910156, 20122.31640625, 0.0]]
[[0.9510567784309387, 0.0, 0.3090170919895172, 0.0], [0.0, 0.9999998211860657, 0.0, 0.0], [-0.3090170919895172, 0.0, 0.9510567784309387, 0.0], [4561.7353515625, -90.28179931640625, 20131.521484375, 0.0]]
[[0.08715561032295227, 0.0, -0.9961946606636047, 0.0], [0.0, 1.0, 0.0, 0.0], [0.9961946606636047, 0.0, 0.08715561032295227, 0.0], [6636.76708984375, -816.1882934570312, 23701.408203125, 0.0]]
[[0.08715561032295227, 0.0, -0.9961946606636047, 0.0], [0.0, 1.0, 0.0, 0.0], [0.9961946606636047, 0.0, 0.08715561032295227, 0.0], [6631.541015625, -819.7942504882812, 23644.826171875, 0.0]]
[[0.08715561032295227, 0.0, -0.9961946606636047, 0.0], [0.0, 1.0, 0.0, 0.0], [0.9961946606636047, 0.0, 0.08715561032295227, 0.0], [6791.24462890625, -849.318603515625, 23586.21875, 0.0]]
[[0.37460654973983765, 0.0, -0.9271837472915649, 0.0], [0.0, 0.9999998807907104, 0.0, 0.0], [0.9271837472915649, 0.0, 0.37460654973983765, 0.0], [6641.66259765625, -788.1470947265625, 23642.26171875, 0.0]]
[[0.9993912577629089, 0.0, 0.03489924594759941, 0.0], [0.0, 0.9999998807907104, 0.0, 0.0], [-0.03489924594759941, 0.0, 0.9993912577629089, 0.0], [9100.4853515625, -713.4993286132812, 22710.15234375, 0.0]]
[[0.9993912577629089, 0.0, 0.03489924594759941, 0.0], [0.0, 0.9999998807907104, 0.0, 0.0], [-0.03489924594759941, 0.0, 0.9993912577629089, 0.0], [9129.0439453125, -705.3073120117188, 22664.529296875, 0.0]]
[[0.9925466775894165, 0.0, 0.12186942994594574, 0.0], [0.0, 0.9999998807907104, 0.0, 0.0], [-0.12186942994594574, 0.0, 0.9925466775894165, 0.0], [8984.396484375, -683.1690063476562, 22645.583984375, 0.0]]
[[0.9135457873344421, 0.0, 0.4067367613315582, 0.0], [0.0, 1.0, 0.0, 0.0], [-0.4067367613315582, 0.0, 0.9135457873344421, 0.0], [9104.375, -678.4767456054688, 22689.033203125, 0.0]]
[[0.9945224523544312, 0.0, -0.1045285239815712, 0.0], [0.0, 0.9999994039535522, 0.0, 0.0], [0.1045285239815712, 0.0, 0.9945224523544312, 0.0], [8949.8115234375, -717.1314697265625, 22641.115234375, 0.0]]
[[0.9135457873344421, 0.0, 0.4067367613315582, 0.0], [0.0, 1.0, 0.0, 0.0], [-0.4067367613315582, 0.0, 0.9135457873344421, 0.0], [9014.54296875, -714.6280517578125, 22650.8046875, 0.0]]
[[0.9986305832862854, 0.0, 0.05233604833483696, 0.0], [0.0, 0.9999997019767761, 0.0, 0.0], [-0.05233604833483696, 0.0, 0.9986305832862854, 0.0], [9066.23046875, -711.8512573242188, 22668.9609375, 0.0]]
[[0.8910073041915894, 0.0, 0.45399099588394165, 0.0], [0.0, 1.0, 0.0, 0.0], [-0.45399099588394165, 0.0, 0.8910073041915894, 0.0], [9040.865234375, -679.984130859375, 22663.521484375, 0.0]]
[[1.0, 0.0, 0.0, 0.0], [0.0, 1.0, 0.0, 0.0], [0.0, 0.0, 1.0, 0.0], [4298.349609375, -291.1029357910156, 21765.62109375, 0.0]]
[[1.0, 0.0, 0.0, 0.0], [0.0, 1.0, 0.0, 0.0], [0.0, 0.0, 1.0, 0.0], [4353.09912109375, -297.697509765625, 21740.80859375, 0.0]]
[[1.0, 0.0, 0.0, 0.0], [0.0, 1.0, 0.0, 0.0], [0.0, 0.0, 1.0, 0.0], [4308.9287109375, -256.6512451171875, 21754.806640625, 0.0]]
[[0.9975643754005432, 0.0, -0.06975649297237396, 0.0], [0.0, 0.9999995231628418, 0.0, 0.0], [0.06975649297237396, 0.0, 0.9975643754005432, 0.0], [4301.73046875, -286.16888427734375, 21719.716796875, 0.0]]
[[0.788011372089386, 0.0, -0.6156618595123291, 0.0], [0.0, 0.9999997019767761, 0.0, 0.0], [0.6156618595123291, 0.0, 0.788011372089386, 0.0], [7359.080078125, -325.0356750488281, 18253.7890625, 0.0]]
[[0.9396941065788269, 0.0, -0.34202060103416443, 0.0], [0.0, 0.9999996423721313, 0.0, 0.0], [0.34202060103416443, 0.0, 0.9396941065788269, 0.0], [7400.09912109375, -323.0252380371094, 18220.310546875, 0.0]]
[[0.788011372089386, 0.0, -0.6156618595123291, 0.0], [0.0, 0.9999997019767761, 0.0, 0.0], [0.6156618595123291, 0.0, 0.788011372089386, 0.0], [7446.90380859375, -320.3155212402344, 18183.15625, 0.0]]
[[0.788011372089386, 0.0, -0.6156618595123291, 0.0], [0.0, 0.9999997019767761, 0.0, 0.0], [0.6156618595123291, 0.0, 0.788011372089386, 0.0], [7475.7060546875, -314.3043518066406, 18138.20703125, 0.0]]
[[0.7660462260246277, 0.0, -0.6427887678146362, 0.0], [0.0, 0.9999995827674866, 0.0, 0.0], [0.6427887678146362, 0.0, 0.7660462260246277, 0.0], [7414.27978515625, -289.4068298339844, 18206.4296875, 0.0]]
[[0.7660462260246277, 0.0, -0.6427887678146362, 0.0], [0.0, 0.9999995827674866, 0.0, 0.0], [0.6427887678146362, 0.0, 0.7660462260246277, 0.0], [7372.35986328125, -289.4068298339844, 18242.4296875, 0.0]]
[[0.7660462260246277, 0.0, -0.6427887678146362, 0.0], [0.0, 0.9999995827674866, 0.0, 0.0], [0.6427887678146362, 0.0, 0.7660462260246277, 0.0], [7459.99755859375, -289.4068298339844, 18159.740234375, 0.0]]
[[0.9998499751091003, 0.0, 0.01745244301855564, 0.0], [0.0, 0.9999992251396179, 0.0, 0.0], [-0.01745244301855564, 0.0, 0.9998499751091003, 0.0], [7501.55908203125, -353.4173583984375, 20409.041015625, 0.0]]
[[0.9998499751091003, 0.0, 0.01745244301855564, 0.0], [0.0, 0.9999992251396179, 0.0, 0.0], [-0.01745244301855564, 0.0, 0.9998499751091003, 0.0], [7508.68701171875, -321.2535705566406, 20417.50390625, 0.0]]
[[0.9396941065788269, 0.0, -0.34202060103416443, 0.0], [0.0, 0.9999996423721313, 0.0, 0.0], [0.34202060103416443, 0.0, 0.9396941065788269, 0.0], [7734.92333984375, -457.43865966796875, 21263.41796875, 0.0]]
[[0.9993928074836731, 0.0, -0.03489956259727478, 0.0], [0.0, 0.9999991655349731, 0.0, 0.0], [0.03489956259727478, 0.0, 0.9993928074836731, 0.0], [7679.94091796875, -460.62451171875, 21264.359375, 0.0]]
[[0.9993928074836731, 0.0, -0.03489956259727478, 0.0], [0.0, 0.9999991655349731, 0.0, 0.0], [0.03489956259727478, 0.0, 0.9993928074836731, 0.0], [7704.05908203125, -426.0011291503906, 21266.3046875, 0.0]]
[[1.0, 0.0, 0.0, 0.0], [0.0, 1.0, 0.0, 0.0], [0.0, 0.0, 1.0, 0.0], [0.0, 0.0, 391.8209228515625, 0.0]]
[[1.0, 0.0, 0.0, 0.0], [0.0, 1.0, 0.0, 0.0], [0.0, 0.0, 1.0, 0.0], [65.2230453491211, 0.0, 87.5790023803711, 0.0]]
[[1.0, 0.0, 0.0, 0.0], [0.0, 1.0, 0.0, 0.0], [0.0, 0.0, 1.0, 0.0], [-12303.7978515625, 1.5980219841003418, 7866.21484375, 0.0]]
[[0.9975658059120178, 0.0, 0.06975658982992172, 0.0], [0.0, 0.999997615814209, 0.0, 0.0], [-0.06975630670785904, 0.0, 0.9975651502609253, 0.0], [4455.97900390625, 264.78564453125, 4067.12841796875, 0.0]]
[[0.9975658059120178, 0.0, 0.06975658982992172, 0.0], [0.0, 0.999997615814209, 0.0, 0.0], [-0.06975630670785904, 0.0, 0.9975651502609253, 0.0], [4098.82470703125, 262.990966796875, 4063.12109375, 0.0]]
[[0.08715583384037018, 0.0, -0.9961971640586853, 0.0], [0.0, 0.9999969601631165, 0.0, 0.0], [0.9961963891983032, 0.0, 0.08715525269508362, 0.0], [3957.279296875, 253.63352966308594, 4395.7060546875, 0.0]]
[[0.9975658059120178, 0.0, 0.06975658982992172, 0.0], [0.0, 0.999997615814209, 0.0, 0.0], [-0.06975630670785904, 0.0, 0.9975651502609253, 0.0], [5645.52099609375, 262.990966796875, 4061.431640625, 0.0]]
[[0.06975672394037247, 0.0, 0.997565746307373, 0.0], [0.0, 0.9999969005584717, 0.0, 0.0], [-0.9975649118423462, 0.0, 0.06975705176591873, 0.0], [6827.1572265625, 262.6485290527344, 4792.38720703125, 0.0]]
[[0.9975658059120178, 0.0, 0.06975658982992172, 0.0], [0.0, 0.999997615814209, 0.0, 0.0], [-0.06975630670785904, 0.0, 0.9975651502609253, 0.0], [6741.96142578125, 249.6125030517578, 4053.95703125, 0.0]]
[[0.9975658059120178, 0.0, 0.06975658982992172, 0.0], [0.0, 0.999997615814209, 0.0, 0.0], [-0.06975630670785904, 0.0, 0.9975651502609253, 0.0], [6089.43994140625, 262.9908447265625, 4022.20361328125, 0.0]]
[[0.9975669980049133, 0.0, -0.06975667923688889, 0.0], [0.0, 0.9999967217445374, 0.0, 0.0], [0.0697566494345665, 0.0, 0.9975664615631104, 0.0], [4161.67626953125, 253.63352966308594, 4049.19970703125, 0.0]]
[[0.9975658059120178, 0.0, 0.06975658982992172, 0.0], [0.0, 0.999997615814209, 0.0, 0.0], [-0.06975630670785904, 0.0, 0.9975651502609253, 0.0], [5542.01611328125, 262.990966796875, 4059.765869140625, 0.0]]
[[0.9975658059120178, 0.0, 0.06975658982992172, 0.0], [0.0, 0.999997615814209, 0.0, 0.0], [-0.06975630670785904, 0.0, 0.9975651502609253, 0.0], [6531.6494140625, 249.6125030517578, 4072.487548828125, 0.0]]
[[0.06975672394037247, 0.0, 0.997565746307373, 0.0], [0.0, 0.9999969005584717, 0.0, 0.0], [-0.9975649118423462, 0.0, 0.06975705176591873, 0.0], [6835.78515625, 262.6240539550781, 4623.6669921875, 0.0]]
[[0.08715583384037018, 0.0, -0.9961971640586853, 0.0], [0.0, 0.9999969601631165, 0.0, 0.0], [0.9961963891983032, 0.0, 0.08715525269508362, 0.0], [3977.771484375, 253.63352966308594, 4340.1064453125, 0.0]]
